661348735
661348725
661348715
661348705
661348695
661348685
661348675
661348665
661348655
661348645
661348635
661348625
661348615
661348605
661348595
667853353
667853343
667853332
667853322
667853311
667853301
667853291
667853280
667853270
667853259
667853249
667853239
667853228
667853218
667853207
667853197
667853186
667853176
667853166
667853155
667853145
667853134
667853124
667853113
667853103
667853093
667853082
667853072
667853062
667853051
667853041
667853030
667853020
667853009
667852999
667852988
667852978
667852967
667852957
667852945
667852934
667852924
667852914
667852903
667852893
667852882
667852872
667852861
667852851
667852840
667852830
667852819
667852809
667852798
667852788
667852778
667852767
667852757
667852747
667852736
667852726
667852716
667852706
667852696
667852686
667852676
667852666
667852656
667852646
667852635
667852625
667852614
667852604
667852592
667852582
667852572
667852562
667852552
667852542
667852531
667852521
667852510
667852500
667852489
